TRUCK: 1
CUSTOMER: 10
CAPACITY : 250
LOCATION
0  11.347506974693937  6.856966989686581
1  9.289832864128447  14.252126750562276
2  8.190405062116364  17.166061108090894
3  10.088405085584364  1.4599610942092515
4  11.749860160050122  6.694407289111712
5  18.940749303225336  7.243647376040426
6  0.9430250084888228  4.829346373687741
7  19.83300995117194  4.840962458799088
8  14.064045454144036  1.065945571377346
9  1.2889755863189577  9.098631473906475
10  8.009289881562122  6.61011094285851
DEMAND_SECTION
0  0
1  54
2  89
3  90
4 106
5  74
6  63
7  73
8  11
9  90
10  61
DEPOT_SECTION
0
EOF
